cuda:1
tensor([0.0001, 0.0009, 0.0001,  ..., 0.0009, 0.0001, 0.0009])
tensor([0.0009, 0.0001, 0.0009,  ..., 0.0001, 0.0009, 0.0001])
pval: 0.10999999940395355 -- 1th test, time elapsed 81.22305274009705
pval: 0.19249999523162842 -- 2th test, time elapsed 77.62998342514038
pval: 0.07750000059604645 -- 3th test, time elapsed 79.76187038421631
pval: 0.014999999664723873 -- 4th test, time elapsed 81.41117978096008
pval: 0.009999999776482582 -- 5th test, time elapsed 79.32165050506592
pval: 0.0024999999441206455 -- 6th test, time elapsed 77.46791315078735
